20
0 2150 8284 9275 12642 14848 6534 14556 11186 14014 5300 9504 11165 4436 7378 4917 9859 11418 6879 8434 
2150 0 9766 10757 14124 16330 8016 16038 12668 15496 3894 10986 12647 5918 8860 2767 9177 12900 4729 9916 
8284 9766 0 8945 7628 6564 1828 7028 9310 6018 9134 12972 2881 5172 3442 8751 13693 4512 10713 5248 
9275 10757 8945 0 3367 5573 10773 5281 1911 4739 6863 4027 7916 4839 5503 9202 4748 4433 7326 3697 
12642 14124 7628 3367 0 2558 9456 1914 1682 1610 10230 5344 6599 8206 5264 12569 6065 3116 10693 4208 
14848 16330 6564 5573 2558 0 8314 1958 4240 948 12436 7902 4041 10412 7470 14775 8623 3430 12899 6414 
6534 8016 1828 10773 9456 8314 0 8856 11138 7846 10962 14800 4631 7000 5270 10579 15521 6340 12541 7076 
14556 16038 7028 5281 1914 1958 8856 0 3370 1010 12144 5944 5999 10120 7178 14483 6861 3138 12607 6122 
11186 12668 9310 1911 1682 4240 11138 3370 0 3292 8774 3662 8281 6750 5868 11113 4383 4798 9237 4062 
14014 15496 6018 4739 1610 948 7846 1010 3292 0 11602 6954 4989 9578 6636 13941 7675 2596 12065 5580 
5300 3894 9134 6863 10230 12436 10962 12144 8774 11602 0 7092 8753 3962 5692 2339 5283 9006 1579 6022 
9504 10986 12972 4027 5344 7902 14800 5944 3662 6954 7092 0 11943 7800 9530 9431 1809 8460 7555 7724 
11165 12647 2881 7916 6599 4041 4631 5999 8281 4989 8753 11943 0 6729 3787 11092 12664 3483 9684 4219 
4436 5918 5172 4839 8206 10412 7000 10120 6750 9578 3962 7800 6729 0 2942 4363 8521 6982 5541 3998 
7378 8860 3442 5503 5264 7470 5270 7178 5868 6636 5692 9530 3787 2942 0 7305 10251 4040 7271 1806 
4917 2767 8751 9202 12569 14775 10579 14483 11113 13941 2339 9431 11092 4363 7305 0 7622 11345 1962 8361 
9859 9177 13693 4748 6065 8623 15521 6861 4383 7675 5283 1809 12664 8521 10251 7622 0 9181 5746 8445 
11418 12900 4512 4433 3116 3430 6340 3138 4798 2596 9006 8460 3483 6982 4040 11345 9181 0 9469 2984 
6879 4729 10713 7326 10693 12899 12541 12607 9237 12065 1579 7555 9684 5541 7271 1962 5746 9469 0 6485 
8434 9916 5248 3697 4208 6414 7076 6122 4062 5580 6022 7724 4219 3998 1806 8361 8445 2984 6485 0 
